8 10 11 15 17 23 25 39 40 44 50 51 59 60 64 69 72 85 87 112 115 120 126 139 145 148 157 164 165 166 172 173 176 183 184 185 194 205 206 209 221 229 234 238 262 267 279 283 298 308 312 330 334 341 349 353 372 375 382 386 387 390 408 418 420 425 434 436 446 447 449 480 481 490 501 505 506 531 533 536 542 543 550 551 575 586 619 635 643 652 655 676 678 684 687 689 690 692 701 703 721 722 732 747 751 752 758 765 776 778 781 782 787 788 789 792 803 808 814 820 825 828 831 835 842 845 851 853 854 856 870 876 
Общее число выживших: 342
Число выживших из 1 класса: 136
Число выживших из 2 класса: 87
Число выживших из 3 класса: 119
Количество выживших женщин: 233
Количество выживших мужчин: 109
Средний возраст: 29
Средний возраст мужчин: 31
Средний возраст женщин: 28
Штат, в котором село больше всего пассажиров: Southampton
